01086007770059900000
01055009980088000499
00102000980007400000
01213011880094500000
00500004990049800000
01345013000125500000
02199020880199900000
00100000970009600000
01766015650143300000
01299011770100000000
09165089990752300000
02100019910198900000
10100099990352300000
01311012980110000000
01000009000080000000
01992019910199000000
00100000980005600000
00777006670055500000
00527004670037500000
00933006670066500000
00100000990009800000
10100099990889900000
09900089990352300000
00001000010000100000
07999069990599900000
00110000990008800000
10100099990532300000
09900089990352300000
10120099990532300000
00527004670037500000
03110025990238800000
04999039990299901999
